scores: [18572, 17148, 17084, 15512, 14776, 25580, 14552, 16060, 10648, 26472, 34988, 7216, 32620, 25768, 23688, 27188, 12832, 27380, 23632, 32492, 21684, 32480, 13012, 9860, 27768, 27956, 12964, 27460, 27208, 9316, 16304, 23468, 10600, 13180, 12100, 35620, 32628, 39896, 20896, 28388, 20144, 57084, 16956, 35584, 12568, 23400, 22256, 18092, 28228, 30900, 14072, 27488, 36136, 12324, 15756, 9056, 53528, 32900, 34040, 51884, 36232, 7212, 10388, 32192, 16328, 33024, 28184, 20112, 33268, 7828, 18184, 36308, 50536, 57492, 34752, 17048, 25092, 9880, 32812, 51520, 27764, 14936, 35588, 34108, 35296, 4172, 34712, 27844, 16128, 7452, 7224, 26824, 27180, 12468, 16104, 7768, 34880, 10348, 7120, 16208]
highest tile: [1024, 1024, 1024, 1024, 1024, 2048, 1024, 1024, 1024, 2048, 2048, 512, 2048, 2048, 2048, 2048, 1024, 2048, 2048, 2048, 2048, 2048, 1024, 512, 2048, 2048, 1024, 2048, 2048, 512, 1024, 2048, 1024, 1024, 1024, 2048, 2048, 2048, 1024, 2048, 1024, 4096, 1024, 2048, 1024, 2048, 2048, 1024, 2048, 2048, 1024, 2048, 2048, 1024, 1024, 512, 4096, 2048, 2048, 4096, 2048, 512, 1024, 2048, 1024, 2048, 2048, 1024, 2048, 512, 1024, 2048, 4096, 4096, 2048, 1024, 2048, 512, 2048, 4096, 2048, 1024, 2048, 2048, 2048, 256, 2048, 2048, 1024, 512, 512, 2048, 2048, 1024, 1024, 512, 2048, 1024, 512, 1024]
Heuristics: smooth: 83.5 steep 1
number of games played: 100
win rate: 0.54
average score: 23819.08
variance: 9839.1232
7000+ proportion: 0.99
less than 1024 rate: 0.11999999999999988
1024 rate: 0.34
2048 rate: 0.48
4096 rate: 0.06
average time: 167.7552550983429
average high tile: 1635.84
max score: 57492 min score: 4172
==============================
scores: [15940, 26852, 31428, 15860, 26668, 16412, 33896, 16416, 35504, 26816, 16764, 7816, 16476, 8184, 27500, 16760, 36332, 32296, 26520, 27520, 16404, 33864, 34232, 34556, 31332, 17248, 33576, 13920, 37928, 17820, 36856, 17860, 12872, 16524, 16184, 16340, 34372, 33344, 5460, 10328, 16992, 13228, 9128, 34012, 20192, 28256, 31272, 16576, 16052, 16664, 29452, 18980, 36912, 32176, 18732, 28176, 14696, 2084, 29480, 28800, 15744, 8392, 16304, 32240, 28704, 25792, 13528, 16224, 35988, 16880, 35676, 32280, 13396, 31544, 14652, 16204, 7544, 29024, 29608, 30152, 11212, 32508, 13876, 16232, 36312, 34876, 34908, 7596, 17184, 17252, 16352, 25588, 16556, 24252, 16928, 27220, 51296, 38484, 36092, 18192]
highest tile: [1024, 2048, 2048, 1024, 2048, 1024, 2048, 1024, 2048, 2048, 1024, 512, 1024, 512, 2048, 1024, 2048, 2048, 2048, 2048, 1024, 2048, 2048, 2048, 2048, 1024, 2048, 1024, 2048, 1024, 2048, 1024, 1024, 1024, 1024, 1024, 2048, 2048, 512, 1024, 1024, 1024, 512, 2048, 1024, 2048, 2048, 1024, 1024, 1024, 2048, 1024, 2048, 2048, 1024, 2048, 1024, 128, 2048, 2048, 1024, 512, 1024, 2048, 2048, 2048, 1024, 1024, 2048, 1024, 2048, 2048, 1024, 2048, 1024, 1024, 512, 2048, 2048, 2048, 1024, 2048, 1024, 1024, 2048, 2048, 2048, 512, 1024, 1024, 1024, 2048, 1024, 2048, 1024, 2048, 4096, 2048, 2048, 1024]
Heuristics: smooth: 83 steep 1
number of games played: 100
win rate: 0.49
average score: 23176.32
variance: 8736.646400000001
7000+ proportion: 0.98
less than 1024 rate: 0.08000000000000007
1024 rate: 0.43
2048 rate: 0.48
4096 rate: 0.01
average time: 161.46238158702852
average high tile: 1501.44
max score: 51296 min score: 2084
==============================
scores: [18468, 22092, 16288, 12940, 16316, 10452, 27760, 18620, 29296, 16160, 26396, 40068, 29224, 20100, 56988, 16176, 27380, 34076, 8200, 16980, 17468, 25608, 35308, 32308, 56784, 16520, 16188, 17124, 16304, 32224, 14064, 29028, 35988, 12160, 16940, 3364, 26180, 23240, 7180, 15076, 23672, 15312, 34596, 16272, 16528, 8116, 26724, 16420, 26460, 32496, 25632, 16516, 27256, 6956, 36252, 25516, 18432, 8140, 31776, 15184, 25928, 32212, 60408, 28196, 16156, 11648, 36624, 17432, 29168, 12608, 16528, 10240, 30808, 12676, 18132, 17232, 21712, 16356, 16720, 7508, 17024, 23544, 23792, 5608, 32756, 13084, 15468, 17320, 27392, 35436, 28232, 16460, 9244, 30788, 9860, 14900, 32280, 15224, 17992, 23408]
highest tile: [1024, 2048, 1024, 1024, 1024, 1024, 2048, 1024, 2048, 1024, 2048, 2048, 2048, 1024, 4096, 1024, 2048, 2048, 512, 1024, 1024, 2048, 2048, 2048, 4096, 1024, 1024, 1024, 1024, 2048, 1024, 2048, 2048, 1024, 1024, 256, 2048, 2048, 512, 1024, 2048, 1024, 2048, 1024, 1024, 512, 2048, 1024, 2048, 2048, 2048, 1024, 2048, 512, 2048, 2048, 1024, 512, 2048, 1024, 2048, 2048, 4096, 2048, 1024, 1024, 2048, 1024, 2048, 1024, 1024, 512, 2048, 1024, 1024, 1024, 2048, 1024, 1024, 512, 1024, 2048, 2048, 512, 2048, 1024, 1024, 1024, 2048, 2048, 2048, 1024, 512, 2048, 512, 1024, 2048, 1024, 1024, 2048]
Heuristics: smooth: 82.5 steep 1
number of games played: 100
win rate: 0.45
average score: 21893.96
variance: 8359.315199999995
7000+ proportion: 0.97
less than 1024 rate: 0.10999999999999999
1024 rate: 0.44
2048 rate: 0.42
4096 rate: 0.03
average time: 157.8209243297577
average high tile: 1487.36
max score: 60408 min score: 3364
==============================
scores: [18572, 17148, 17084, 15512, 14776, 25580, 14552, 16060, 10648, 26472, 34988, 7216, 32620, 25768, 23688, 27188, 12832, 27380, 23632, 9628, 16192, 28992, 8352, 11588, 31216, 16188, 18132, 16548, 49956, 32452, 16044, 15788, 35308, 34428, 9672, 12900, 18232, 13708, 33088, 36164, 16176, 15536, 34420, 18016, 36280, 14148, 72164, 36236, 37920, 38656, 8148, 36204, 17956, 14872, 14304, 28936, 34720, 16328, 15912, 12728, 13976, 33168, 26836, 31352, 35732, 32792, 9352, 8312, 33112, 27572, 27368, 12744, 29816, 19428, 32888, 34544, 16376, 29280, 13524, 8188, 31728, 16224, 32776, 17668, 16296, 10400, 1740, 7900, 8360, 7384, 22680, 10824, 31216, 18532, 27664, 30548, 36244, 71440, 16480, 10720]
highest tile: [1024, 1024, 1024, 1024, 1024, 2048, 1024, 1024, 1024, 2048, 2048, 512, 2048, 2048, 2048, 2048, 1024, 2048, 2048, 512, 1024, 2048, 512, 1024, 2048, 1024, 1024, 1024, 4096, 2048, 1024, 1024, 2048, 2048, 512, 1024, 1024, 1024, 2048, 2048, 1024, 1024, 2048, 1024, 2048, 1024, 4096, 2048, 2048, 2048, 512, 2048, 1024, 1024, 1024, 2048, 2048, 1024, 1024, 1024, 1024, 2048, 2048, 2048, 2048, 2048, 512, 512, 2048, 2048, 2048, 1024, 2048, 1024, 2048, 2048, 1024, 2048, 1024, 512, 2048, 1024, 2048, 1024, 1024, 1024, 128, 512, 512, 512, 2048, 1024, 2048, 1024, 2048, 2048, 2048, 4096, 1024, 1024]
Heuristics: smooth: 82.8 steep 1
number of games played: 100
win rate: 0.46
average score: 22791.36
variance: 9898.416
7000+ proportion: 0.99
less than 1024 rate: 0.12
1024 rate: 0.42
2048 rate: 0.43
4096 rate: 0.03
average time: 150.5780036377907
average high tile: 1491.2
max score: 72164 min score: 1740


